(0, 0.08279351220363791)
(32, 4.06560006198187)
(64, 11.155727554179567)
(96, 5.637404580152672)
(128, 2.2653454133635336)
(160, 3.5614818120955145)
(192, 3.7682051282051283)
(224, 4.9281387090035516)
(256, 6.809923664122137)
(288, 7.46186895810956)
(320, 8.978658536585366)
(352, 10.951219512195122)
(384, 11.799307958477508)
(416, 12.801587301587302)
(448, 15.64864864864865)
(480, 17.84090909090909)
(512, 18.0)
(544, 21.714285714285715)
(576, 19.0)
(608, 28.25)
(129, 4.319006685768864)
(97, 17.30188679245283)
(33, 4.283531964453804)
(65, 11.525429453773404)
(1, 0.0)
(161, 4.15296803652968)
(193, 5.233812949640288)
(225, 6.58188679245283)
(257, 7.030505243088656)
(289, 9.272435897435898)
(321, 10.452554744525548)
(353, 11.156626506024097)
(385, 12.75177304964539)
(417, 14.73015873015873)
(449, 16.142857142857142)
(481, 21.107142857142858)
(513, 24.833333333333332)
(545, 25.0)
(577, 14.5)
(609, 25.22222222222222)
(2, 0.002350271496879812)
(34, 4.503113111065658)
(66, 11.292882325890348)
(130, 2.869969040247678)
(162, 2.8966233766233764)
(194, 3.855171390414008)
(226, 5.917164816396243)
(258, 5.769094138543517)
(290, 7.647798742138365)
(322, 9.37789203084833)
(98, 5.4650265315967195)
(386, 11.914798206278027)
(418, 14.26530612244898)
(450, 15.256756756756756)
(482, 16.575)
(514, 17.9)
(546, 23.363636363636363)
(578, 15.181818181818182)
(610, 23.333333333333332)
(354, 10.01496259351621)
(3, 0.04868950623343477)
(611, 38.75)
(67, 12.096601913257821)
(99, 16.173745173745175)
(131, 3.6737491432488008)
(163, 4.399014778325123)
(195, 5.75808383233533)
(227, 6.258511252163878)
(259, 7.053591790193843)
(291, 8.846625766871165)
(323, 9.96551724137931)
(355, 11.204188481675393)
(387, 12.375)
(419, 13.9875)
(451, 15.666666666666666)
(483, 19.44)
(515, 19.0)
(547, 22.0)
(579, 12.0)
(35, 4.71939103649042)
(100, 8.426282051282051)
(132, 2.2224955717378467)
(164, 3.0561991054019955)
(68, 11.843908786714588)
(228, 4.970941883767535)
(260, 5.873268133659332)
(292, 8.535031847133759)
(324, 8.65089722675367)
(356, 10.392156862745098)
(388, 12.754716981132075)
(420, 12.503597122302159)
(452, 15.393939393939394)
(484, 16.5)
(516, 19.0)
(548, 19.272727272727273)
(580, 22.0)
(612, 20.0)
(196, 4.833431952662722)
(36, 4.921868951683852)
(4, 0.09797357881523104)
(197, 5.309316200091785)
(229, 6.360912052117264)
(261, 7.419152276295134)
(133, 3.7825059101654848)
(325, 10.402061855670103)
(357, 11.012345679012345)
(389, 12.679611650485437)
(421, 16.240506329113924)
(453, 16.314285714285713)
(485, 20.9375)
(517, 20.357142857142858)
(5, 0.21629529597119063)
(581, 53.0)
(613, 26.333333333333332)
(549, 19.4)
(293, 8.924637681159421)
(101, 13.047001620745544)
(37, 5.159771991477351)
(69, 12.6583516405641)
(165, 4.590405904059041)
(198, 3.9053098572022735)
(230, 5.042665493732131)
(262, 6.9647822057460615)
(294, 7.463444857496902)
(326, 9.12569316081331)
(166, 3.8143767060964513)
(102, 4.246860423394331)
(422, 12.902439024390244)
(454, 17.06382978723404)
(486, 20.486486486486488)
(518, 18.75)
(550, 22.333333333333332)
(582, 6.666666666666667)
(614, 26.0)
(358, 10.960474308300395)
(6, 0.3459829692706405)
(38, 5.36397387682867)
(70, 12.734891406987725)
(134, 2.3528818120654855)
(390, 11.601731601731602)
(263, 7.362864077669903)
(295, 9.240997229916898)
(327, 11.066666666666666)
(359, 11.800995024875622)
(391, 13.467289719626168)
(423, 14.690909090909091)
(455, 14.676470588235293)
(103, 11.469096671949288)
(519, 19.8)
(551, 23.75)
(583, 30.0)
(71, 13.246437477734236)
(487, 20.894736842105264)
(615, 39.666666666666664)
(7, 0.5060277619319262)
(39, 5.589672632476062)
(135, 4.191757779646762)
(167, 4.345187292555714)
(199, 5.326164874551972)
(231, 6.6769480519480515)
(328, 10.303125)
(360, 10.573264781491002)
(392, 12.468468468468469)
(424, 15.014285714285714)
(456, 17.35)
(488, 19.435897435897434)
(520, 23.22222222222222)
(552, 22.7)
(8, 0.6427255368329369)
(584, 18.714285714285715)
(616, 23.0)
(40, 5.803236608321802)
(72, 12.278030505753279)
(104, 3.669362665803947)
(136, 2.92657926102503)
(168, 3.0583582727661396)
(200, 4.068278805120911)
(232, 6.037685060565276)
(264, 5.957016434892541)
(296, 7.698431845597105)
(393, 13.723577235772357)
(425, 16.123076923076923)
(457, 16.88)
(489, 23.25)
(521, 24.0)
(553, 26.6)
(585, 22.666666666666668)
(617, 36.25)
(137, 3.768723786698622)
(105, 8.80295566502463)
(41, 6.030739428824441)
(73, 13.826408332400044)
(9, 0.7676064751209605)
(169, 4.6992149165848875)
(201, 5.7236431690580165)
(233, 6.350641417226634)
(265, 7.394321766561514)
(297, 9.373376623376624)
(329, 9.995833333333334)
(361, 11.754838709677419)
(458, 14.633333333333333)
(490, 19.764705882352942)
(522, 18.217391304347824)
(554, 22.5)
(586, 15.0)
(618, 27.25)
(10, 0.8977335836881496)
(362, 10.48663101604278)
(42, 6.231431946084903)
(74, 12.618486633439058)
(138, 2.3097629961962354)
(170, 3.2227032227032226)
(202, 4.9559808612440195)
(234, 5.180952380952381)
(266, 6.171912832929782)
(298, 8.184149184149184)
(330, 9.057142857142857)
(106, 3.2128065395095367)
(394, 14.115107913669064)
(426, 13.299212598425196)
(523, 23.625)
(555, 25.6)
(587, 31.0)
(43, 6.442220654078255)
(107, 6.641963426371511)
(11, 1.0087057320621702)
(619, 42.0)
(75, 14.547348757005317)
(139, 4.095744680851064)
(171, 4.807966706302022)
(203, 5.424185167690127)
(235, 6.539483394833948)
(267, 7.995689655172414)
(299, 9.33048433048433)
(331, 9.788461538461538)
(363, 11.451428571428572)
(395, 13.982758620689655)
(427, 14.970149253731343)
(459, 18.633333333333333)
(491, 19.285714285714285)
(588, 28.77777777777778)
(620, 24.0)
(44, 6.622715488064982)
(76, 14.242132600061106)
(12, 1.093702061487381)
(108, 2.0176531671858773)
(140, 2.476727313316218)
(172, 3.9144423260247856)
(204, 4.135050625372245)
(236, 5.197989949748743)
(268, 7.246376811594203)
(300, 7.858353510895884)
(332, 9.20964749536178)
(364, 12.02155172413793)
(396, 12.515981735159817)
(428, 13.594594594594595)
(460, 16.967741935483872)
(492, 17.193548387096776)
(524, 18.90909090909091)
(556, 20.8)
(45, 6.902503650029741)
(557, 9.0)
(109, 6.736720554272518)
(141, 4.192667706708268)
(77, 15.152576563359618)
(173, 4.491906474820144)
(205, 5.807943416757345)
(237, 6.849056603773585)
(269, 7.700354609929078)
(301, 8.986033519553073)
(333, 10.612903225806452)
(365, 12.197368421052632)
(397, 12.39)
(429, 14.978260869565217)
(461, 16.083333333333332)
(493, 17.58823529411765)
(525, 16.142857142857142)
(13, 1.196101299566811)
(589, 31.857142857142858)
(621, 16.0)
(366, 11.144021739130435)
(142, 3.0848363393453573)
(14, 1.2898384713714162)
(46, 7.0746957671957675)
(78, 12.702689486552567)
(110, 2.169305724725944)
(206, 4.286736561823931)
(238, 6.251419721218379)
(270, 6.188197767145136)
(302, 8.101078167115903)
(334, 10.331444759206798)
(174, 3.22202565236621)
(398, 12.887096774193548)
(430, 13.890625)
(462, 16.158730158730158)
(494, 16.764705882352942)
(526, 20.9)
(558, 15.4)
(590, 27.625)
(622, 22.0)
(15, 1.3808032918865731)
(47, 7.295815497023021)
(143, 3.9470688673875927)
(175, 4.737941322725012)
(207, 5.912786885245902)
(111, 6.805882352941176)
(271, 7.911845730027548)
(303, 8.714285714285714)
(335, 10.776119402985074)
(367, 11.428571428571429)
(399, 13.433734939759036)
(431, 14.481481481481481)
(463, 15.483870967741936)
(495, 21.0)
(527, 16.875)
(559, 26.875)
(79, 15.695978186775733)
(655, 58.0)
(239, 6.712483399734396)
(48, 7.456472336334237)
(80, 12.384904169136535)
(112, 3.0319094184251156)
(144, 2.426829268292683)
(176, 3.371567648527209)
(208, 5.221379310344828)
(240, 5.3683163392191)
(272, 6.784059314179796)
(304, 9.031746031746032)
(16, 1.4897545995597468)
(336, 9.0)
(400, 14.233333333333333)
(432, 14.321739130434782)
(464, 15.652173913043478)
(496, 25.2)
(368, 10.734939759036145)
(560, 12.857142857142858)
(592, 24.75)
(624, 13.0)
(528, 15.2)
(113, 4.933566433566433)
(49, 7.7577367636092465)
(81, 16.321242019733024)
(17, 1.5968888888888888)
(177, 5.162619988706945)
(209, 5.685332011892963)
(241, 6.543951915852742)
(273, 8.2033426183844)
(305, 9.188010899182562)
(337, 10.365019011406844)
(369, 12.061068702290076)
(401, 12.715447154471544)
(145, 3.9044585987261144)
(465, 18.130434782608695)
(497, 20.210526315789473)
(529, 20.0)
(561, 19.75)
(433, 15.909090909090908)
(625, 66.0)
(593, 41.0)
(370, 11.605633802816902)
(50, 7.893789466831587)
(82, 15.142329020332717)
(146, 2.620466465796228)
(178, 4.115503875968992)
(210, 4.396871008939974)
(242, 5.380061435353253)
(274, 7.7890625)
(306, 7.941336971350614)
(338, 9.637065637065637)
(114, 2.0155109489051095)
(402, 13.045226130653266)
(434, 13.977777777777778)
(466, 16.36)
(498, 20.03030303030303)
(18, 1.7153953743943253)
(562, 23.0)
(594, 12.2)
(530, 19.8)
(19, 1.8510205395660293)
(51, 8.171783587885063)
(83, 16.96810506566604)
(147, 4.223335719398712)
(179, 4.656033287101248)
(211, 5.828729281767956)
(243, 6.955896452540748)
(275, 7.7556109725685785)
(307, 9.583333333333334)
(339, 10.4739336492891)
(371, 12.52317880794702)
(403, 13.895348837209303)
(435, 15.666666666666666)
(467, 17.40909090909091)
(499, 16.6)
(531, 21.09090909090909)
(563, 20.0)
(595, 25.0)
(115, 5.132517838939857)
(627, 33.5)
(116, 2.1058489225668957)
(148, 3.2085573476702507)
(180, 3.3773997011150705)
(212, 4.451820522250827)
(244, 6.466781214203895)
(276, 6.990503323836657)
(308, 8.235294117647058)
(340, 10.22397476340694)
(372, 10.685897435897436)
(404, 12.53475935828877)
(436, 15.517241379310345)
(468, 18.622222222222224)
(500, 15.380952380952381)
(532, 22.916666666666668)
(564, 25.571428571428573)
(596, 27.25)
(628, 14.0)
(84, 11.209395973154363)
(52, 8.34364261168385)
(20, 1.9792074909355455)
(213, 6.2045901639344265)
(245, 6.749098774333093)
(277, 8.230088495575222)
(309, 9.144444444444444)
(341, 10.428571428571429)
(373, 12.198795180722891)
(405, 14.823529411764707)
(437, 15.679245283018869)
(469, 15.892857142857142)
(565, 20.333333333333332)
(533, 25.545454545454547)
(21, 2.124646262353607)
(597, 25.666666666666668)
(629, 4.0)
(149, 3.9107692307692306)
(501, 23.818181818181817)
(117, 5.379126730564431)
(53, 8.576944193889956)
(85, 17.500242600679282)
(181, 4.834476003917728)
(214, 5.315752461322082)
(246, 5.529779711721512)
(278, 6.977467811158799)
(310, 9.485915492957746)
(342, 9.774390243902438)
(182, 3.5133627400103786)
(406, 13.475247524752476)
(438, 13.53012048192771)
(470, 15.381818181818181)
(502, 21.571428571428573)
(534, 22.0)
(566, 21.25)
(598, 25.333333333333332)
(630, 10.5)
(374, 11.227891156462585)
(118, 2.8089106361061034)
(22, 2.268988614877097)
(54, 8.721467026960127)
(86, 10.757735148514852)
(150, 2.5933714507219694)
(279, 8.740223463687151)
(311, 9.209631728045325)
(343, 10.502057613168724)
(375, 12.198275862068966)
(407, 14.089108910891088)
(439, 16.634146341463413)
(471, 17.65)
(503, 23.466666666666665)
(535, 18.555555555555557)
(567, 26.5)
(599, 25.5)
(87, 17.940568475452196)
(119, 4.075770191507077)
(23, 2.4248643035823854)
(55, 9.025139788763646)
(151, 3.9515469935785172)
(183, 5.252832438878951)
(215, 5.798844537815126)
(247, 6.641803278688524)
(344, 9.56884875846501)
(376, 11.711442786069652)
(408, 12.934131736526947)
(440, 14.673267326732674)
(472, 20.423076923076923)
(504, 16.391304347826086)
(536, 17.0)
(568, 17.333333333333332)
(600, 29.5)
(632, 26.0)
(56, 9.170954764466483)
(280, 7.957854406130268)
(24, 2.5835444050443916)
(88, 14.647917793401838)
(152, 2.753329602686066)
(184, 4.293242890686146)
(216, 4.5846628924343795)
(248, 5.537650602409639)
(120, 2.0108216432865733)
(312, 8.256338028169013)
(409, 14.097560975609756)
(441, 14.0)
(473, 16.1875)
(505, 21.294117647058822)
(537, 22.0)
(345, 11.323671497584542)
(601, 27.444444444444443)
(569, 27.0)
(121, 4.421263791374122)
(57, 9.495384458025418)
(89, 17.934697088906372)
(25, 2.7448788466916967)
(153, 4.3899537343027095)
(217, 6.110124333925399)
(249, 7.349094567404427)
(281, 8.645631067961165)
(313, 10.06711409395973)
(185, 4.908479138627187)
(377, 12.211538461538462)
(474, 19.02777777777778)
(506, 16.782608695652176)
(538, 22.181818181818183)
(282, 7.369807497467072)
(602, 12.75)
(634, 28.0)
(570, 20.333333333333332)
(378, 11.438650306748466)
(58, 9.758802382063173)
(90, 8.665431641348647)
(154, 3.3491749174917493)
(186, 3.595101742415012)
(218, 4.730916762562332)
(250, 6.45361484325016)
(26, 2.9101255311874175)
(314, 8.457869634340222)
(346, 10.62081784386617)
(122, 2.2162633783154955)
(410, 13.202453987730062)
(442, 14.186046511627907)
(539, 16.0)
(571, 41.333333333333336)
(603, 18.142857142857142)
(59, 9.989358280953077)
(379, 12.858267716535433)
(27, 3.096445182462795)
(635, 53.0)
(91, 18.604208416833668)
(155, 4.101106639839034)
(187, 4.942074776197999)
(219, 6.373399715504979)
(251, 6.694354838709677)
(283, 8.449720670391061)
(315, 9.783783783783784)
(347, 10.774193548387096)
(123, 4.426326129666012)
(411, 15.67605633802817)
(443, 17.0)
(475, 17.22222222222222)
(507, 19.8)
(604, 25.266666666666666)
(60, 10.043131288038753)
(476, 16.066666666666666)
(28, 3.275215525573124)
(124, 2.718388030888031)
(156, 2.754845837099528)
(188, 3.737955182072829)
(220, 5.669514563106796)
(252, 5.696136012364761)
(284, 7.201824401368301)
(316, 8.943243243243243)
(348, 9.954436450839328)
(380, 11.70890410958904)
(412, 13.91304347826087)
(444, 14.466666666666667)
(92, 8.1015625)
(508, 20.833333333333332)
(540, 26.0)
(572, 24.0)
(509, 20.133333333333333)
(573, 23.5)
(125, 3.9872084273890143)
(61, 10.52670537502971)
(93, 18.620238095238093)
(189, 5.390720390720391)
(29, 3.4596410499442007)
(253, 7.155188246097337)
(285, 9.164556962025317)
(317, 9.586538461538462)
(349, 11.36)
(381, 12.008064516129032)
(413, 15.19767441860465)
(445, 19.511111111111113)
(477, 18.0)
(221, 5.931301939058172)
(541, 15.333333333333334)
(157, 4.28897136797455)
(605, 19.142857142857142)
(637, 21.0)
(382, 11.118012422360248)
(30, 3.67593312300916)
(62, 10.45593196009474)
(94, 11.503134796238244)
(158, 2.9472834236936207)
(222, 4.683451890677649)
(254, 5.834005376344086)
(286, 7.9372549019607845)
(318, 8.28794992175274)
(350, 9.997619047619047)
(190, 4.593656002187585)
(414, 12.28804347826087)
(446, 13.73076923076923)
(478, 22.655172413793103)
(510, 20.033333333333335)
(542, 25.5)
(574, 24.833333333333332)
(606, 24.0)
(126, 2.11)
(31, 3.8518518518518516)
(63, 11.037055114907464)
(159, 4.5107323232323235)
(191, 5.1126264848218215)
(223, 6.379821958456973)
(255, 7.371980676328502)
(287, 8.557640750670242)
(319, 9.667832167832168)
(351, 11.942307692307692)
(383, 11.861842105263158)
(415, 13.513157894736842)
(447, 15.926829268292684)
(479, 15.052631578947368)
(511, 19.5)
(543, 27.5)
(575, 16.5)
(607, 25.666666666666668)
(95, 17.488732394366195)
(127, 4.165247018739352)