Event/Promedio de comidas

('Correspondence', 10.730296425457716)
('Classical', 13.362263711344436)
('Bullet', 14.284230732315962)
('Blitz', 13.343768138985986)
('Bullet tournament', 14.616617012054274)
('Classical tournament', 13.077646632656142)
('Blitz tournament', 13.421609191508104)
('Event', 0.0)

Lenght comAvg

(32, 15.906686294258929)
(64, 25.911278195488723)
(96, 11.815097540288379)
(128, 11.106795016987542)
(160, 14.253291675965187)
(192, 16.040384615384614)
(224, 18.221433047837895)
(256, 20.731297709923663)
(288, 22.257787325456498)
(320, 24.201219512195124)
(352, 25.914634146341463)
(384, 26.24567474048443)
(416, 26.976190476190474)
(448, 26.81081081081081)
(480, 26.954545454545453)
(512, 27.19047619047619)
(544, 28.142857142857142)
(576, 27.25)
(608, 26.75)
(129, 12.47468958930277)
(97, 23.06132075471698)
(33, 16.3479474784218)
(65, 26.201022968538894)
(1, 0.0)
(161, 14.666210045662101)
(193, 16.967112024665983)
(225, 19.316226415094338)
(257, 20.813155386081984)
(289, 22.935897435897434)
(321, 24.503649635036496)
(353, 25.48995983935743)
(385, 26.368794326241133)
(417, 27.0)
(449, 27.314285714285713)
(481, 27.428571428571427)
(513, 27.333333333333332)
(545, 27.142857142857142)
(577, 24.5)
(609, 26.88888888888889)
(2, 0.11038171650863117)
(34, 16.73165064430354)
(66, 25.296407950539063)
(130, 11.683257918552036)
(162, 13.928207792207791)
(194, 16.190235940050453)
(226, 18.86122971818958)
(258, 20.174422735346358)
(290, 22.373584905660376)
(322, 24.832904884318765)
(98, 11.652194886637723)
(386, 26.565022421524663)
(418, 26.908163265306122)
(450, 26.58108108108108)
(482, 26.625)
(514, 28.3)
(546, 27.727272727272727)
(578, 27.545454545454547)
(610, 28.333333333333332)
(354, 25.122194513715712)
(3, 0.49042897810935504)
(611, 26.75)
(67, 26.3981454310699)
(99, 21.252895752895753)
(131, 12.363947909527074)
(163, 14.966611932129174)
(195, 17.311976047904192)
(227, 19.23542989036353)
(259, 20.79133409350057)
(291, 23.80674846625767)
(323, 24.46206896551724)
(355, 25.68586387434555)
(387, 26.65)
(419, 26.5375)
(451, 27.083333333333332)
(483, 28.04)
(515, 26.4)
(547, 28.333333333333332)
(579, 28.0)
(35, 17.142830546340804)
(100, 13.98477564102564)
(132, 11.381224168470773)
(164, 14.065259777497419)
(68, 25.340810509356796)
(228, 18.350901803607215)
(260, 20.30032599837001)
(292, 23.26326963906582)
(324, 24.07667210440457)
(356, 25.61904761904762)
(388, 26.150943396226417)
(420, 26.705035971223023)
(452, 26.015151515151516)
(484, 27.916666666666668)
(516, 27.11111111111111)
(548, 26.818181818181817)
(580, 29.0)
(612, 27.666666666666668)
(196, 16.781952662721892)
(36, 17.51329309920118)
(4, 1.040647976567637)
(197, 17.20559889857733)
(229, 19.354397394136807)
(261, 21.318681318681318)
(133, 12.666666666666666)
(325, 24.872852233676976)
(357, 26.061728395061728)
(389, 26.37864077669903)
(421, 27.329113924050635)
(453, 27.942857142857143)
(485, 27.4375)
(517, 27.642857142857142)
(5, 1.4690524420436641)
(581, 24.0)
(613, 28.666666666666668)
(549, 27.6)
(293, 23.31304347826087)
(101, 18.374392220421395)
(37, 17.951105453941725)
(69, 26.61618595422011)
(165, 15.055350553505535)
(198, 16.421183973381396)
(230, 18.56564767978887)
(262, 20.823911028730304)
(294, 22.843866171003718)
(326, 24.506469500924215)
(166, 14.765696087352138)
(102, 10.510943667025476)
(422, 26.45528455284553)
(454, 26.93617021276596)
(486, 27.7027027027027)
(518, 26.5)
(550, 28.333333333333332)
(582, 23.0)
(614, 26.666666666666668)
(358, 26.059288537549406)
(6, 2.053313587560163)
(38, 18.29705008223605)
(70, 26.269751337740008)
(134, 11.640726620318457)
(390, 26.186147186147185)
(263, 21.060679611650485)
(295, 23.38781163434903)
(327, 24.779166666666665)
(359, 25.676616915422887)
(391, 26.55140186915888)
(423, 27.272727272727273)
(455, 27.38235294117647)
(103, 16.6973058637084)
(519, 28.0)
(551, 28.25)
(583, 27.5)
(71, 26.734503028143926)
(487, 27.36842105263158)
(615, 27.666666666666668)
(7, 2.661076250237688)
(39, 18.756093648167646)
(135, 12.857022708158116)
(167, 15.172593646277857)
(199, 17.200716845878137)
(231, 19.681818181818183)
(328, 24.971875)
(360, 25.809768637532134)
(392, 26.74774774774775)
(424, 26.557142857142857)
(456, 27.016666666666666)
(488, 26.307692307692307)
(520, 28.444444444444443)
(552, 27.4)
(8, 3.193795852735252)
(584, 24.0)
(616, 28.0)
(40, 19.125608712645377)
(72, 24.625457140308626)
(104, 10.086703332254933)
(136, 12.216924910607867)
(168, 14.309961522017957)
(200, 16.64706812075233)
(232, 19.269627635711082)
(264, 20.43573535608934)
(296, 22.699638118214718)
(393, 26.666666666666668)
(425, 26.96923076923077)
(457, 27.0)
(489, 28.25)
(521, 27.25)
(553, 26.2)
(585, 28.0)
(617, 28.25)
(137, 12.702816057519472)
(105, 14.523399014778326)
(41, 19.553597520478192)
(73, 26.9156680479337)
(9, 3.709873962128905)
(169, 15.456820412168794)
(201, 17.73674360573924)
(233, 19.577886377519853)
(265, 21.266561514195583)
(297, 23.821428571428573)
(329, 24.775)
(361, 26.019354838709678)

